9efb7b1e5b.net,Enviserv
1f7d270e6a.biz,Enviserv
d23f17d75d.com,Enviserv
aba702eb2b.com,Enviserv
b19c6aef1c.biz,Enviserv
23bba565f4.info,Enviserv
f0a8ea2c1f.com,Enviserv
385e0c5cfc.net,Enviserv
7162792162.org,Enviserv
9d1df0c427.net,Enviserv
ff4433fc72.org,Enviserv
a296cdfe86.net,Enviserv
0bba20f073.info,Enviserv
d6b0486833.com,Enviserv
82653d879c.com,Enviserv
0eedff63ca.info,Enviserv
c30f0b5097.net,Enviserv
a46e42d3ae.info,Enviserv
9fae3d29cd.in,Enviserv
28496dcbe6.info,Enviserv
d73e4df212.com,Enviserv
00b8311983.com,Enviserv
d25c3a6c13.biz,Enviserv
22bd1148bf.com,Enviserv
d31c1ecb1a.org,Enviserv
35bccbd9bf.info,Enviserv
b81f4787e5.org,Enviserv
59a92430e6.com,Enviserv
54cd4a9d63.org,Enviserv
1cb8a5f36f.info,Enviserv
d775c190fe.biz,Enviserv
7f575c2183.info,Enviserv
7c111006bd.org,Enviserv
8594cf2060.com,Enviserv
ebd9435424.com,Enviserv
717f624812.com,Enviserv
6f50f66975.net,Enviserv
211264e985.net,Enviserv
15945b810e.net,Enviserv
8eb67a2a87.in,Enviserv
7c922cc07b.biz,Enviserv
b5c893a421.in,Enviserv
92f5363264.info,Enviserv
c1a220ee5b.com,Enviserv
9ac8f0008e.net,Enviserv
c9d5645845.com,Enviserv
a3f1c1d389.org,Enviserv
788f53c5c1.com,Enviserv
8951f5ebae.com,Enviserv
dbc9a104dc.net,Enviserv
6706cd9ef2.info,Enviserv
185b5c9f38.biz,Enviserv
1ed1430f3e.info,Enviserv
b828daed63.info,Enviserv
56a651f894.biz,Enviserv
67602af974.net,Enviserv
9b76fc2852.org,Enviserv
76579a6927.in,Enviserv
1363e88b47.org,Enviserv
150d064880.com,Enviserv
cb6c292e16.info,Enviserv
d84a6a7a28.info,Enviserv
8af8e3ff2f.net,Enviserv
56dc6f380f.net,Enviserv
eb615eeceb.info,Enviserv
d18570b711.com,Enviserv
da64a025b5.net,Enviserv
4f682f4e6b.net,Enviserv
958b2ed613.org,Enviserv
feae2cb3f5.info,Enviserv
bc83baf6b4.in,Enviserv
b29e6c844b.in,Enviserv
e7e9bd7120.info,Enviserv
e1436d2ee5.net,Enviserv
78ff6b16a3.org,Enviserv
7bf40450d1.in,Enviserv
79dee78f61.com,Enviserv
6064b469d5.com,Enviserv
5150902575.in,Enviserv
c7097d3263.org,Enviserv
ee0b92c434.info,Enviserv
a55ee19fa4.biz,Enviserv
55e1451b68.com,Enviserv
ac466c5ce6.in,Enviserv
769c044552.biz,Enviserv
dd99910320.net,Enviserv
1792c23324.net,Enviserv
164188038e.com,Enviserv
2b0fb74409.info,Enviserv
4248f77860.biz,Enviserv
55c40c90ec.net,Enviserv
550ae5a098.in,Enviserv
1c0a2b3b1c.com,Enviserv
8ce0a73c09.net,Enviserv
ac30bf38af.org,Enviserv
8180299d67.in,Enviserv
71fb6fdbd1.biz,Enviserv
45f0d82939.net,Enviserv
759b4d9b7e.in,Enviserv
dc78a02219.info,Enviserv
56ac5a25c5.info,Enviserv
93cb8d7cf4.info,Enviserv
27850cb892.info,Enviserv
e847e89ec4.biz,Enviserv
8f9bd61ca4.com,Enviserv
d74199403e.in,Enviserv
7d96648847.info,Enviserv
b17c49fb44.info,Enviserv
64fc550abf.com,Enviserv
989f991c74.net,Enviserv
41f50cc45a.in,Enviserv
ec22c03c0e.net,Enviserv
28507d8a0a.info,Enviserv
cb67e5a9b2.in,Enviserv
1ef29b2b74.info,Enviserv
8cd71143eb.com,Enviserv
5fd58d89c4.info,Enviserv
796167b653.biz,Enviserv
a8429dc5f6.net,Enviserv
d811d5ec50.in,Enviserv
1ea25be4ca.in,Enviserv
81f8dbaa7d.com,Enviserv
7f48422532.org,Enviserv
1c7b198eb3.net,Enviserv
c480679596.com,Enviserv
a0f77046a5.org,Enviserv
be34124d1e.net,Enviserv
5f324a1725.biz,Enviserv
790aa83d29.biz,Enviserv
335179f907.org,Enviserv
152a6321ab.in,Enviserv
dd27ec64cb.org,Enviserv
a28016e51b.org,Enviserv
02261e64b3.org,Enviserv
6371c85016.biz,Enviserv
4a22b92847.org,Enviserv
16c8cc265c.in,Enviserv
7c5b4f1070.in,Enviserv
9da6b96b27.com,Enviserv
783f8afe5b.net,Enviserv
93e93446c9.com,Enviserv
76da68389c.info,Enviserv
46e4869aea.org,Enviserv
679ec4c21e.com,Enviserv
7db0d2d1a5.info,Enviserv
b981c41fe3.org,Enviserv
56ac337518.net,Enviserv
4be260dd60.biz,Enviserv
fb286002c3.info,Enviserv
28a4f2ca18.info,Enviserv
c64e50d7b1.in,Enviserv
f1f94c94ce.in,Enviserv
cad905848f.in,Enviserv
bfd7c6fb3e.org,Enviserv
16dba29d78.org,Enviserv
a887e3cb01.net,Enviserv
0806accac1.org,Enviserv
01065fd091.info,Enviserv
27621e6936.net,Enviserv
3fae6092ac.biz,Enviserv
46c4239ad6.org,Enviserv
e565eae8ff.net,Enviserv
52a9d1d256.biz,Enviserv
a65f0c6367.net,Enviserv
ae440e7bec.in,Enviserv
3c5072f2b0.net,Enviserv
187ddbf44e.com,Enviserv
f43fc75d58.info,Enviserv
1b92dedc83.org,Enviserv
0029851f6d.org,Enviserv
ef295ab080.net,Enviserv
36b2dfb041.in,Enviserv
00c6bf3889.biz,Enviserv
abda165a8e.in,Enviserv
d699afe571.org,Enviserv
767ae6e7c2.biz,Enviserv
d9b87e45a5.net,Enviserv
f65a67f2b0.org,Enviserv
d4e5782ed4.in,Enviserv
76df776806.org,Enviserv
1d974cd7f8.org,Enviserv
118b1535ad.net,Enviserv
e3bea872ae.in,Enviserv
4b24394c03.net,Enviserv
3dfc4fae53.info,Enviserv
178a7133a3.biz,Enviserv
98012fd246.org,Enviserv
7bc4b5e552.biz,Enviserv
263beac189.biz,Enviserv
6eec7b655a.biz,Enviserv
91ab815058.net,Enviserv
624e069390.biz,Enviserv
0444a3c958.info,Enviserv
03b6ce1b04.in,Enviserv
01a6d74bd7.org,Enviserv
e37a158926.info,Enviserv
aa33f4da28.biz,Enviserv
53555670b9.org,Enviserv
4e8414394d.org,Enviserv
ae1e9bb2fe.com,Enviserv
c34bb9a41e.com,Enviserv
094204d3d6.in,Enviserv
2fd8e8b66c.org,Enviserv
79f94ecd47.com,Enviserv
7520f1fc8f.org,Enviserv
3dea76939c.com,Enviserv
1e18f368b9.net,Enviserv
caa5da8357.net,Enviserv
a7f8ab6e75.com,Enviserv
048b40de92.biz,Enviserv
e2ddbc591c.info,Enviserv
67bca39ae3.biz,Enviserv
f18f11f8c6.org,Enviserv
253f342c60.biz,Enviserv
dd1b754358.biz,Enviserv
b4c5246d68.com,Enviserv
61a54a3faf.biz,Enviserv
c64c208a78.in,Enviserv
80402f5139.in,Enviserv
73f37c2c2b.info,Enviserv
fe98e8b881.info,Enviserv
75ba96d1f4.org,Enviserv
b43a175580.in,Enviserv
92577eaea7.net,Enviserv
73c95a3bb4.com,Enviserv
1c4d834499.biz,Enviserv
0e1bf21c7e.org,Enviserv
261b6d1a3b.info,Enviserv
20e8c330e2.in,Enviserv
994b0ec24f.biz,Enviserv
f49524f1f1.in,Enviserv
85ce900a4c.com,Enviserv
bacf171bcc.biz,Enviserv
d5e8f25255.in,Enviserv
d3a166195f.net,Enviserv
d4737ee645.net,Enviserv
3e72a4e563.in,Enviserv
ed306fa35d.org,Enviserv
898122bbd8.info,Enviserv
1a42a40313.org,Enviserv
92ab7fc8b0.org,Enviserv
42f34c2aa0.biz,Enviserv
0378d065bd.in,Enviserv
b07b38f266.biz,Enviserv
4fa8039528.com,Enviserv
c0d5d5031d.com,Enviserv
4d27fd6d0a.info,Enviserv
414a9936cd.biz,Enviserv
5b67069d26.org,Enviserv
24b9c7ba34.org,Enviserv
f0e4e66e79.org,Enviserv
be50fa28e4.biz,Enviserv
028cf5f224.biz,Enviserv
5c4fc125e4.info,Enviserv
1f9a72502e.com,Enviserv
b2abe4fba0.com,Enviserv
5fe2cfd2c1.info,Enviserv
4fdeb70f13.com,Enviserv
3352ef4a34.net,Enviserv
b786aa4ede.biz,Enviserv
1a7e5c4d24.net,Enviserv
7625b8e28e.info,Enviserv
f6b9261356.in,Enviserv
cb98460195.com,Enviserv
39abe9630d.com,Enviserv
46b0d12dea.biz,Enviserv
3ea81ec466.com,Enviserv
5b18545379.biz,Enviserv
88f7f1efd6.org,Enviserv
a63561a7dc.in,Enviserv
fa4a30ce62.info,Enviserv
742bddcfcd.info,Enviserv
fbac6b554e.info,Enviserv
06a3388828.org,Enviserv
edec9e13a1.com,Enviserv
565e2d254d.net,Enviserv
53bbade041.org,Enviserv
3004dc1fc7.net,Enviserv
3d4a7243d1.in,Enviserv
a7330bc8bc.org,Enviserv
55858acfe0.info,Enviserv
965e3ee314.in,Enviserv
e3a3a8435e.biz,Enviserv
7fbaeb1918.org,Enviserv
196ec8f7e3.net,Enviserv
4e36902e78.org,Enviserv
d63be3be61.org,Enviserv
eb517c52db.net,Enviserv
ec2bc5ceec.in,Enviserv
fa0f1380cf.biz,Enviserv
c54c0af682.info,Enviserv
629bb2e660.com,Enviserv
683ec75df1.in,Enviserv
2be5670f13.biz,Enviserv
5d6f3b8453.biz,Enviserv
fa63b89b84.in,Enviserv
659b668e70.net,Enviserv
6aadddfc07.com,Enviserv
a2ecb5adc3.biz,Enviserv
04c0533eee.in,Enviserv
903bf12250.com,Enviserv
db0016b51a.in,Enviserv
9c8398aed6.in,Enviserv
58d0d12436.in,Enviserv
69f50765c8.info,Enviserv
cf76a01fe3.biz,Enviserv
6a4c334cee.org,Enviserv
8047255816.in,Enviserv
dbf3b1f75c.com,Enviserv
9abb55b770.com,Enviserv
e6ed6e987f.biz,Enviserv
f53e582bb5.net,Enviserv
ce9b562a89.biz,Enviserv
b4ec403af2.org,Enviserv
33aaf2199f.net,Enviserv
1236b33dc5.com,Enviserv
e8b3ffcd4c.com,Enviserv
515b99582f.info,Enviserv
bcdb5986ae.biz,Enviserv
c56452164f.info,Enviserv
242760c5ce.info,Enviserv
268d4393e8.org,Enviserv
0164c5daf6.info,Enviserv
0fc2cc6e55.info,Enviserv
42aafb14b7.net,Enviserv
cb279fa212.org,Enviserv
0ff761c91f.info,Enviserv
bab299efc3.in,Enviserv
5f1198de31.biz,Enviserv
0bae279b44.info,Enviserv
1b2860a5f5.in,Enviserv
e5a2556861.org,Enviserv
8eb184b4cd.com,Enviserv
df37907cc7.in,Enviserv
29ad85810b.in,Enviserv
78abfd5473.org,Enviserv
7c428e38e6.in,Enviserv
55ae81a098.biz,Enviserv
84be62999d.in,Enviserv
69e73dc298.info,Enviserv
d84f49a200.biz,Enviserv
d1cb4cdf73.org,Enviserv
765b394e34.biz,Enviserv
438e2475bf.com,Enviserv
2df6bf2393.org,Enviserv
0c500c3102.org,Enviserv
b477d9da99.biz,Enviserv
e2e21628b4.org,Enviserv
8654981588.biz,Enviserv
38ba6144fd.info,Enviserv
hl081wlz762a1gdm7htkpls1v.biz,Zeus
a45oao10wkp6r1ykl9wfqccjdv.net,Zeus
10l71qrv037gxgk8gvcu3nxdu.com,Zeus
hfbvlyg7e1wan17r6o1wb429r.net,Zeus
1rtooc4180uwkmy7d0k41f407hj.net,Zeus
1aalvc51pkr2u11jgbi9t6u957.net,Zeus
1t2cf78rh8r0th1i792gnadwo.org,Zeus
10iy3jm11po33faj4o2h1e9x55q.net,Zeus
1iuxsai6jcuef5g7i7z9eclk5.net,Zeus
gnyvlm16cy3oiu2bnh21a9jjei.biz,Zeus
yb4hdu7fobuxgxnyiz19mb70t.net,Zeus
9g312648kdui15o52jc17rbf2f.org,Zeus
1lpat3j1f0vh409cwm8voacw8i.org,Zeus
1oj8kvg1m3482b9fsvefenh12k.com,Zeus
1ezrtuzmjox731f3syiuvnwu8p.org,Zeus
qvf2xd1p20eavbcxxmmy9e7w.biz,Zeus
1ufeqsn15il3v31skoqrf1nqrm1n.org,Zeus
mohd535rcwdi1bm5lh8vvpbcs.com,Zeus
14jmvgj1y91z9swj70eee1dtdl.com,Zeus
n3aofzhpk4zd1bxg9i71k6nad5.com,Zeus
1kbi3vl1i6naslsvpeyhhsq0po.biz,Zeus
tc0af113g37ayoubmp17h5j47.net,Zeus
5fnt7218jatm01vbo4bxvlvanz.com,Zeus
1b7dmp8179yyxvmgd6jm15zia44.net,Zeus
uhg9xo1g62lm01rknubf7aghah.net,Zeus
6iusqlbhd2rdb6mqw8q2w2i.net,Zeus
vo6r7d645m05a19mxtll97jp.org,Zeus
sw1zgv1ocfmbxai39s5z2em5l.net,Zeus
75sghq1sdvgc31e9n74y10k0bad.com,Zeus
17ikmeogohqz9dcdwwz192ljgg.com,Zeus
qavzjmpebwa82rz1xk76dmo7.org,Zeus
1869cnsuqykat1iur54j1ghwbxn.biz,Zeus
1q1i1bc804ewm4db9ryyzv8qy.com,Zeus
1pjqqvm139487w10smd19n3wgvi.com,Zeus
ianxyhn3qzgr4yr4u6fwitlb.biz,Zeus
qivq00cy9kb01nj691i1ezc5n1.com,Zeus
1q57wf714l5p5t1e70hf18ypv68.net,Zeus
1e0fftl19h5lkzyqfdpwvaj9zg.org,Zeus
3t6jupwt2guwsf77c1a1yyja.org,Zeus
i1qcfs1r62ub3bg8o991y1fy7v.net,Zeus
6t1kte1xchcrz6kpnmy9n47aq.com,Zeus
1k67b4f1x1a4g81y0xu3exieuox.org,Zeus
1j9nq68qjj23p1rk2mi5x858jh.com,Zeus
lpks1z1plspx1yv00561z06yla.net,Zeus
1sxgcbr1b1gpsc10i4q74vejd6l.org,Zeus
1qssyemsmrr3e1krslbge9thta.com,Zeus
1jakqzrhefny3br0vdskl5hfs.org,Zeus
192otvz2fx2xe1i2qzwwn9oe2p.org,Zeus
1u3mvxune6ppkc317hnpuphjq.org,Zeus
1ygn3qx1tnpx851noxlpatn92f1.net,Zeus
1eqi3g21lgpvbzyxqwv0mqu0tk.net,Zeus
dumw9e193iotagkub1fj11hzm.com,Zeus
bijrvhbyxxsg74pndg1e1rojr.net,Zeus
181e7qc1k91zxv1ks60611fuxf3d.net,Zeus
jarxkt1vjw0nxlzt7ji1x6p59y.org,Zeus
1msmjmr1fje2zhdud6qd10iadnk.org,Zeus
1m5plewdao8rqlkf1dr2j6whk.net,Zeus
bxlfo51ithio1uop2u4j5o6k2.net,Zeus
1yqggb71d3xh6h6up80e1riilwr.org,Zeus
11a8zafdkg8u31oyxwue1v6a6hr.biz,Zeus
azv1a31pcu89o1nhwnhujtcslz.net,Zeus
fo6jvy18uan1gru8h9qizfxkl.org,Zeus
lvqkve1tc05rs1smelxm1xxd7j7.org,Zeus
ulx52k75n9k71c1ujon56m64q.net,Zeus
lkuqwj1f4z36j1pxv64sofnjsc.net,Zeus
52mo85135he91c3mggc1or2w43.net,Zeus
1eo081t5z52wed04wwvu55ces.net,Zeus
7h5owx1nt5hyrkp16r9s4tvmg.net,Zeus
opo5xd15kxkd79d275a17zgwlt.biz,Zeus
16egqdg156lg4011to5en13y0omh.net,Zeus
c16ifx1lckn981ar4uthb2x4ul.com,Zeus
1skydte1c66bqi1hi6fzve21c0k.com,Zeus
1dxw6q05fxgvblndburfuylo4.org,Zeus
v1xa74czmkzr1aszfmc1lc8e1w.org,Zeus
1gjdy2y1yavpsha35cxf6vqlbs.org,Zeus
15blvsj12stpocwkhposshv1dv.org,Zeus
5bkiob5m8jd11x4x1c8bw5zwk.net,Zeus
1crfl8ukqz3jq1q8gews16fabjj.net,Zeus
crykluujf3ho1rta4ze199qmva.com,Zeus
1hxxtd3arlnwx18f9h6h1wgv9at.net,Zeus
1j2syberw9ygg92bc0nz8yg5r.com,Zeus
1f5s0qk6dfnb152gg3a4g9pj4.biz,Zeus
m8gkzc109vggfbmrmnl1hbxbh.net,Zeus
1u3gyowehq55pzdsrf1wrn90s.net,Zeus
d4bp7ylgtmj4126evuy1mxe3q.org,Zeus
g5offvoy9uy8bpiu51ef17h6.net,Zeus
13jq64f20wlvgzlzta01eomxgk.biz,Zeus
vdpjvjilvamygfvfr87zr0ep.net,Zeus
1n8caj71l6702t15c72i913txbwp.biz,Zeus
v0qt0e1p1dmmnuhdhaa1l1v9rb.org,Zeus
qutx0t9el6a41udiu801bbgfzq.biz,Zeus
1f92tom7mi1ra5zg2edrvzmia.com,Zeus
1qc09ph1c3wrzu73jv87q2n2xx.net,Zeus
wl3wsk1wv9gro1i7omlp4zb9s7.net,Zeus
9mbnv71bbw9b91j21pxv1kddaui.com,Zeus
1gikib51bodgdphbl45egwh83o.net,Zeus
1xrpzdt453klset29be1yj3n8o.net,Zeus
1iafsr61dbmtlwplf7xd18y4zcy.net,Zeus
5j4kxo1iqikze1uarc597xpit0.com,Zeus
1fwoe8210tpat1znqqwu18dy3ys.net,Zeus
1ylkiadhctb2oyw5x4spsuy8f.com,Zeus
12d9p87dhnfcs1asqx5313oylvf.net,Zeus
1bs7prikiz3yj1e0zko7waid9h.org,Zeus
tns31s1v1mhvj39c0dt8jj6t3.net,Zeus
7unu6clfubytvvfayy15783bi.biz,Zeus
1t7rhqt6k5gfvwqhohuow7fpd.net,Zeus
1sjmpk81ume4lh1exbt531tatux.biz,Zeus
1anbqqs1am0uygvq1pl210lvt77.org,Zeus
pgyqto1it2nt61c4mvv3h73250.org,Zeus
1944e8l1oqfax9sesdlb17tqus8.com,Zeus
2lh4czcl304e14bkahh1fokmgv.com,Zeus
hqtvhm1k40re01inyzfl1jrnf6e.com,Zeus
13qkadfl62f9n1ab23ilrp77ci.biz,Zeus
bl37fr1uvuu2z1qz7prm1x1mbz1.net,Zeus
ns6cg2z9snftk5cdla1m5k3f.org,Zeus
1exyiac11sidy2bnivxouuzqqu.net,Zeus
179inmf1994inyp9uvrs1oov7ku.net,Zeus
fh73yr1gtoif9udin9u1bpviwo.com,Zeus
p3v2tv173h98c219bvqjg2ytr.com,Zeus
1rq6qbja7xu8xscya3zkoscw.org,Zeus
1ouhz161c43itxjkxa141uwkwu4.org,Zeus
9vz28zgiyuyp1oecwm01e16746.org,Zeus
axu9oeay6nmfe13lt1t1p4o8.biz,Zeus
41dz6b13fslt312a2tsj1l8f1ug.org,Zeus
tzgija1llpvfw154f00w1y73psa.org,Zeus
zfr5fh145hlk814dr66au1eonw.org,Zeus
18clyz3h1nyi91qu94rl1x8x0nz.net,Zeus
yeru8wa59qf7hzdj4rizn0nj.org,Zeus
1qre7la1tbysrl1a5vmy56grsyf.net,Zeus
8txvfo1gyvu8w11kmpojs87iz0.com,Zeus
sw342xrdcxq14gp2lwcfysht.com,Zeus
1khbllgsnpyai1w6fwty6jp94h.net,Zeus
17pekpt1415hmoc2iq8hod3vg6.com,Zeus
f7d3qu1abuacx1pu07k81h5rjcr.net,Zeus
1azfkx46uvt4lxqvyey1fg9jyy.org,Zeus
us5qtss8g5re6q1ktpsg6913.com,Zeus
1ifbc8k1tm9vhh1xhlo9j43xd6v.org,Zeus
lilkeh5c9tu5gi5y141hz15ne.org,Zeus
g555wklzsslf1ax99y9ehl7tn.org,Zeus
19nav3m35qca1dyzju8l8dibw.net,Zeus
x9hsm01s304vm7h5hp21iu3sa3.org,Zeus
1miva98won4351ddxr9a2vv4pe.biz,Zeus
1lx9kty13gxo9ygq16d41gphxue.net,Zeus
e4u9x816cv2kbr51vww1ioygii.biz,Zeus
uvxbw4gpp4ab11h3owe5khf50.biz,Zeus
1awntolpz4amnxqhqmf2vz24b.org,Zeus
ih8od1q5stq51gw01451vg7ag4.net,Zeus
1jygend1pbhllq1srh90m1sg2b45.biz,Zeus
ddhkds19vmyarxoxcml1nplczw.net,Zeus
1mzeox818mvcyh45gzk9h2mww2.biz,Zeus
1pyqpuitwz721c4jvi9156fy7x.net,Zeus
1lxx8wol3e1nl177uy7dskcn1s.net,Zeus
1x36vm31coer9ss21dq5ww958m.com,Zeus
1isvx6k1dghq3u1ioggyo103ms7t.net,Zeus
1v4cdlh1av3svvpgj7n13bmt0f.biz,Zeus
jkwz5l4peel7cc8tka1nc297a.biz,Zeus
1x60c5h1826kclae4fhwmgvwpl.net,Zeus
voagks12s56ygj0ug0ahvfb4e.com,Zeus
12izoxgiw74y61fvyoje1t2akw3.net,Zeus
xdz3n810fimev5krkanovly73.com,Zeus
12re24tnvoz2h1o1wmftpcd3gv.com,Zeus
1ut9nrwyqgaipoo7kbn1gs49w3.net,Zeus
1sderywd72egwfeumwwaijp14.biz,Zeus
xno105u9mhbe1kkz4vfmag79i.biz,Zeus
1ow4fr91ph03ysxmpa6tek4njx.net,Zeus
2cp1ne9b0r281w4xeo51if0f9x.com,Zeus
72y3uhtx2ta61pm84jn2egw9.org,Zeus
10uul5u1fsgy0p1k5wgr7mo3uny.org,Zeus
wp38cn18xo09ob80z1yx1jshs.biz,Zeus
151r481u6d2vzrhv9wqwrzmyx.biz,Zeus
1lvu675tdi7361895r2m16ly3wo.biz,Zeus
1g5oc6szqk9no1avk9hk8uydl3.com,Zeus
dvi2ts18g4icxf5c3x51j3ncty.org,Zeus
111hgviwk5e65311s2m16awlsj.org,Zeus
1pbvqhwc9xekkndvwhz2choya.com,Zeus
gxa6uz1asaxct3w49d51wbuq9a.biz,Zeus
e4lzkuybnlscibcmuv1cxkhpp.net,Zeus
4f6tt2z60s1g104euhv1vbh5px.com,Zeus
1tyhsyv1nr9i5795mm49lqwmij.org,Zeus
xojmj81nf4t5ge13ofd9g2cp5.org,Zeus
19p710irlz4qarpqnlv15g7a34.net,Zeus
jz6kar1m59bhx1ybyulgq9562x.net,Zeus
160yy6a1l9pzpp8mq0dnyyps0x.com,Zeus
rjzkleb3bz8390d0cl174uidm.net,Zeus
1u16bqrgz7p3mhrk80r133vgvd.net,Zeus
12qu8d1ilrrmt13akf001bxmqib.org,Zeus
xexlo7g6bv0h1am2l1zhsb5r4.org,Zeus
ibfn641a1fpa71sxffsfbagxb0.net,Zeus
13pjfnj1fz8ptiwr2has1yfraed.net,Zeus
auy5t91pu7kls1iciyb21ql2ssa.com,Zeus
1yfmkql1wrabhu11rt56o1eqw5w6.net,Zeus
17f5w1sqid9srpkgv6u1e3oh0p.com,Zeus
to1hukzjwpenyu3dkfs58vq8.com,Zeus
1u9hkk41g80p3r8kgbbe1jikdkk.org,Zeus
rl42rwinm84k1kq784d9lm79h.com,Zeus
11hsvh0ms6lmsjabxp7116xqfs.org,Zeus
1qtnx3d1cnt4rj1gnu92aao97hp.org,Zeus
quevtw13pcqym1rduneyxrnd6q.net,Zeus
1vuvx3f1xbxdi9zqfc487gnbb8.net,Zeus
ht7wtpnc0jy21pdu9hnrz1ytw.net,Zeus
zowrs0rxl8kvvc6b9p1ggqmbh.com,Zeus
2dhqxckyb5ly1iu7igi1hohs18.net,Zeus
17wz80s11shvb113tfosc1a4s078.org,Zeus
hywtwghzynuscxaj3r1nfyulc.com,Zeus
12ppkn47l8jq9w6q9a41nbzn51.org,Zeus
17dscbo1qq6pk8g2il3m5i4kfa.biz,Zeus
1qdph9119g44nvtyqnkj1fdus0d.net,Zeus
m9z40op2sqnr1yyymtn6sn2nn.biz,Zeus
1qzewyhw81zskybsbo6im7dkh.biz,Zeus
40hwou1yoy3kv1j6lj343zucnd.net,Zeus
diaz8mbtxhzc1ctz6ehxjzuah.org,Zeus
1yqtu9013yq06h1791t7x1mei06x.org,Zeus
9bdo82bik8pt169pkid1vg135f.org,Zeus
1nzb7t91angi6t1r7cyiabwin5b.net,Zeus
1l6zo0012fbeuw7zvuzio9pte1.org,Zeus
w3uaka5tz61f1vwdne9mfqabl.net,Zeus
1niqrphvl5rhm8j4qzeguh2mz.net,Zeus
129zs32xchaui5qmw59165ys.net,Zeus
1plcdong0i6lv1ucw6c362jwco.org,Zeus
9c1vyh1qp7qkbn0truu14gly2a.com,Zeus
1gi09bz1oymntm120k3ny170isxm.net,Zeus
r3xrt41gk3i9d1ynks2n1fadndc.org,Zeus
10fv7ao12h973a1h3cu4wy9goyk.com,Zeus
ze30e0n0lmpm37op1vv9ntdg.org,Zeus
161ecun1qjmpcwbgn5n61rwnn08.biz,Zeus
gapnv5ljfufwkcfdndde3u1g.com,Zeus
1qfsvb6pb7x50rnv8bgxovrzs.biz,Zeus
140zo36w317313mbv2k14nfd9g.net,Zeus
inslt4dvsuksrvyuutq8vno9.org,Zeus
1hy3jbaoklolm12qk0y6esa8u4.net,Zeus
10xkmy61xyhzar11dvys6qqmvhx.org,Zeus
1aqd9mu1jsgirb1hjo90y1dbh7vu.biz,Zeus
1sl84uop1srj31xw19z81058qxl.biz,Zeus
1t5xc2h9nu085somg6i1fjegmy.org,Zeus
170hj2n166537e1c5or95zd08dj.biz,Zeus
wpcan0vz0lls1yoz7qmjnyqta.net,Zeus
13se8b212hyd2n449tzx1ysjqtf.org,Zeus
6rw2921yqxwdbhx0mvmyf6dre.com,Zeus
cxdsxnxsvpyh5xeesa1rdl1ky.org,Zeus
xuypi01qyosn91ad5mwz1779fg0.com,Zeus
vmfixu1w2ut82131hj7p19rzc74.org,Zeus
10n3cxwbwx971g77zz914q24rb.net,Zeus
7ufg0a1g1x4v5b041dm1rs34gi.biz,Zeus
116f3bs1li21ed1v60w1bn6glyb.com,Zeus
1mr5ezcblamr1arutau105jpz.com,Zeus
1qv3jn4ltrs321rujiigosoiv.org,Zeus
4iiuikpp1xngb1dni91tri9c0.net,Zeus
1om4ovbbi4mtl16vxhtkv2mdk4.com,Zeus
1kvnbw9d1hq047ywz8s1ievi8s.com,Zeus
plf52x1p6v5do1aye579jld207.org,Zeus
5weonk9c9a75tc10lq1luzsg6.net,Zeus
goewp01314gs02ofej066y2lp.com,Zeus
y6fu7f16n2ma85kopajzfl56z.org,Zeus
15lkyaw1r357hm1aff7kl1vppgnt.net,Zeus
1ghpnfp1k59wgl1hzb2r911mq0af.biz,Zeus
1ie2r691d8tt2z1m824tf1smchdp.biz,Zeus
a2fhxw1p09n9k1bik1l11u6to2c.net,Zeus
1m6lw3q17jqt5v1p0nvbwrbe27g.org,Zeus
v6h0uv199js2v1v5vv7y1gabp9t.net,Zeus
2jlio16n9fcpn9j69x1auydeb.biz,Zeus
1tsjp0v10g8r4w1vkmw9h1s2g8az.org,Zeus
1cby09x1t3moyx82ftoo1ktb8lh.org,Zeus
u7dvfi25gwne7owhkbthkdyv.org,Zeus
vyef4u1xb1hbfzi20hy15ccja9.com,Zeus
adx3qfw4qg9613x9dn91pvenfs.org,Zeus
1ly7v2a3ei8i64duk9x1vihts5.org,Zeus
1166gfr1rp54md1jtx2el1ysjppl.org,Zeus
j7vb8gfxpdujafg2ds1dih3vj.biz,Zeus
160sl01198seh01md4xdhpg9ihy.com,Zeus
llj7zpp6msv61dqk9611m7l5e1.com,Zeus
qnnl1v1omv4yo1lvp68p1vw7jer.com,Zeus
bmb9hz3ugd3yx1piyrp0vcsr.org,Zeus
4upipd14wwjov1rzmlqbjbj758.net,Zeus
1du8ryj1xpprud1qondnxmi9mn0.net,Zeus
is6yscnkj285htp0tv1o66uxe.net,Zeus
1wja7c8htxwfm5o1h1x8czi9.org,Zeus
7qspssiwcidb1u4pn6717yr0vk.net,Zeus
mivun51wkt2lh10hwcps6laln.org,Zeus
q6g5thbzi7i0j1z9f7q6fm0u.net,Zeus
1ahpaynhi1g4ak4iaqm1003vqz.biz,Zeus
116yvwidt64sk1yh4yi74hnr2u.com,Zeus
88l5wq1iilzzz1yhtezmcg0ste.net,Zeus
dck41ph7n5x91x4ktat9lss5.biz,Zeus
ic7opx4wngfm1bktsgs1dqqxaq.org,Zeus
h8oeka1opmfq812v8h8tjxw4rx.biz,Zeus
1y9ymgt1071bmp1xcha4y1rkdhfi.org,Zeus
1m6t30lpm771e7dcldo1dl4xt8.org,Zeus
kjp9ks12iz668yt691e1iqscn4.net,Zeus
b4sqteasqcxwvmflhi10iiwsr.com,Zeus
m5z5dwxbunqe196hqba162sc8t.org,Zeus
wqfny6pifxk413eiykco7bfd9.org,Zeus
cqhgm214hp7fj1u23oy7xpcce.com,Zeus
s1db222fc3wsj5s50814cq8xr.net,Zeus
14rxs9410apnby1s4kem212gulrk.net,Zeus
1axfjkipbagtklklex6172ksmr.com,Zeus
10goaep1s374ww26j6pgtw1zd4.com,Zeus
1yi961u56sng06ir1t8jr7ekj.net,Zeus
1ip8eomokis7eu3bvau362015.com,Zeus
11wywcoz39us21qca8q6vqstx1.com,Zeus
po5xkm10huju4a8cay11tfhq0e.org,Zeus
1vurjbn1x8fojv11nj8ew99hld9.com,Zeus
1fd8ck21mjf7uzol1iw2sb3q0o.org,Zeus
xaiqg11di1zou1808xbw1pdbngl.net,Zeus
15o0lhr1l1gert16mmpz517xi6fg.net,Zeus
19yzvce1l47fwbgtw1r27wol1j.org,Zeus
1j6ek2f1hrob831alsr811bwjlb.biz,Zeus
1kjzxaevjr0h81e8pu9p1mcx61g.net,Zeus
1tzo55tfpb3n14ajkvj2dvp1a.org,Zeus
g8f5qs1mz80sd1sstllz8ey5i.org,Zeus
1o79e28vyro1q13mqix4j6qxiq.net,Zeus
27ishvyluvz3183ndrm1ibos6m.biz,Zeus
1hnrwcu1vnlba11url7orrirwr3.org,Zeus
pdsn601f7xfqqcpre8411t5ko0.com,Zeus
1e7er8e1etl80rhhrpqz1irbb16.org,Zeus
ziku7c12bu53e1539nzmrqi8ne.biz,Zeus
1ulg0ynrx1cic1dwwbpzkwjru.net,Zeus
nzl8c81j8xozf1bfco6fkuz746.org,Zeus
1f1vhxd1epk8zmxgdv6c1b6xa12.org,Zeus
15a3upl1wr9ikbxf6f5i178ol.org,Zeus
1x6cggt1uwgorc1ghwzc9k3whja.com,Zeus
5pnkoa35h9jozwnpo5y1hy1d.net,Zeus
1wtnevq9p2aoj1ntj04v4zq60j.net,Zeus
2pe8yxqh03jinunu1m1e4xpez.net,Zeus
62wu2o126id29107f2lj1bo50mx.net,Zeus
f2w62yogg0z1rkuz3y1jqjogk.biz,Zeus
p2w33n1ah998s12fm0h7mjyz9y.org,Zeus
wi3whu11v75ajjl474916ez8r2.org,Zeus
1tcmdpq1czbvqr9wwseq83bzl.org,Zeus
1bo99gv1u3bdpo1vr5h1a7pknyu.org,Zeus
1nfqtwg1ofx2wd12jhbxocq6chi.com,Zeus
1vcj7d31rv5ycseskmxo1m8orql.net,Zeus
1mb8c6o19t7j211bggs0614s29fb.com,Zeus
1wyix5f32upx9brizvx1yyc3fm.com,Zeus
3tay8zn9e1b13r9gqq140u978.org,Zeus
qii9b8yqemmiawoiiqvvu3v3.net,Zeus
x24gbjfk5vyl1914vryjhjw4g.com,Zeus
1hru5oy1bohhz05b3tn6mn1cz2.net,Zeus
1gndmb81uwalle1g0ah171xzgmw8.net,Zeus
16xe9vb1vawwmrszrkmi1sh5x1e.org,Zeus
1o0cg441t3yrdljh7t9w9qi7bn.biz,Zeus
1xm3cb8nvo8d88tzur61l0e0e0.org,Zeus
9akh8fdzp2etpgs711nad7nf.biz,Zeus
zc79j611zrdwta9ielao3zw6r.org,Zeus
6mydpi1xl87am168787uieojpa.biz,Zeus
bzc1xx1ph1wad1cu1vppwsvyw.net,Zeus
1x1tgfnze568914jdnhk64zg14.net,Zeus
zcoxci18liv71sv0in9162z11e.org,Zeus
sq3yxvfzxfm21jo2gx8bxeauk.net,Zeus
azu758qyece73s5s2f174l7x4.org,Zeus
kyqbaq15w1v9l1gjv9x7r7dpbv.org,Zeus
aztytswxyccnkjuf.ru,Feodo
kjftneoicszuwkjskh.ru,Feodo
ptrzfugnwoqbboof.ru,Feodo
agtlyyptrzfugnwoqb.ru,Feodo
anidgwelnidmzueo.ru,Feodo
qpckpmgcdlsidwsdno.ru,Feodo
axwiyyfbraskytvs.ru,Feodo
zyzsqkhjkqhomcma.ru,Feodo
lsidwsdnolwzyzsqkh.ru,Feodo
yqwtfsunoaztytsw.ru,Feodo
sqkhjkqhomcmapiuig.ru,Feodo
bgadkfnoywgtkwqrzv.ru,Feodo
khjkqhomcmapiuigjt.ru,Feodo
hbirjhcnsuiwgtrq.ru,Feodo
lghktuuzzgzwyggrgr.ru,Feodo
yccnkjufwagtlyyptr.ru,Feodo
gqpjuvwqvlmvjkzyim.ru,Feodo
yiqrrkriwexgsismxs.ru,Feodo
vjkinewgycbhbirjhc.ru,Feodo
lyyptrzfugnwoqbboo.ru,Feodo
uaopltfxjzsppylfha.ru,Feodo
helyqwtfsunoazty.ru,Feodo
jufwagtlyyptrzfugn.ru,Feodo
vjcuiqecxaomkytb.ru,Feodo
iuigjtnafzcnuyiqrr.ru,Feodo
swxyccnkjufwagtlyy.ru,Feodo
omcmapiuigjtnafz.ru,Feodo
xjzsppylfhauvqjghe.ru,Feodo
nwoqbboofsbhqgqp.ru,Feodo
mvkrxumvbedbouiyfh.ru,Feodo
jfhxihwykiuwfknoni.ru,Feodo
uvqjghelyqwtfsunoa.ru,Feodo
gizosuxwpeujnykjye.ru,Feodo
wqrzvjshxuvlexinje.ru,Feodo
cnuyiqrrkriwexgsis.ru,Feodo
kzyimlghktuuzzgz.ru,Feodo
qrrkriwexgsismxsdv.ru,Feodo
cnkjufwagtlyyptrzf.ru,Feodo
pmgcdlsidwsdnolw.ru,Feodo
hqgqpckpmgcdlsidws.ru,Feodo
qwtfsunoaztytswxyc.ru,Feodo
ztytswxyccnkjufwag.ru,Feodo
wyggrgrlaewoaecg.ru,Feodo
ckpmgcdlsidwsdno.ru,Feodo
kjykbubgadkfnoyw.ru,Feodo
yljlkjsxdsvtkygo.ru,Feodo
cmapiuigjtnafzcnuy.ru,Feodo
boofsbhqgqpckpmgcd.ru,Feodo
ciasamkbnavtknxiko.ru,Feodo
idwsdnolwzyzsqkhjk.ru,Feodo
aecgrgbjgaofrilwyg.ru,Feodo
ghelyqwtfsunoaztyt.ru,Feodo
aygrpumrlmymcwkh.ru,Feodo
vaopxjiaphevkfpqdo.ru,Feodo
ilwygvhaygrpumrlmy.ru,Feodo
fzcnuyiqrrkriwex.ru,Feodo
tytswxyccnkjufwa.ru,Feodo
rgglvwyzevqeijgnvm.ru,Feodo
cxaomkytbmceglkuyh.ru,Feodo
aopltfxjzsppylfhau.ru,Feodo
vyfuaopltfxjzsppyl.ru,Feodo
jwxqqbaowfuzkjykbu.ru,Feodo
dlsidwsdnolwzyzsqk.ru,Feodo
ouiixjwxqqbaowfuzk.ru,Feodo
eoicszuwkjskhvki.ru,Feodo
mxsdvyfuaopltfxjzs.ru,Feodo
fwagtlyyptrzfugnwo.ru,Feodo
rgbjgaofrilwygvh.ru,Feodo
wzyzsqkhjkqhomcmap.ru,Feodo
lwzyzsqkhjkqhomc.ru,Feodo
jzsppylfhauvqjghel.ru,Feodo
fugnwoqbboofsbhq.ru,Feodo
skjwysujlpedxxsl.ru,Feodo
vqjghelyqwtfsunoaz.ru,Feodo
lzngllvmrbwdcpha.ru,Feodo
ptrzfugnwoqbboofsb.ru,Feodo
pmgcdlsidwsdnolwzy.ru,Feodo
yfuaopltfxjzsppy.ru,Feodo
qntckhiedetxhdyq.ru,Feodo
zvzjxbjwbgguucrbkr.ru,Feodo
qtdlnxbqfohcpwft.ru,Feodo
tfxjzsppylfhauvqjg.ru,Feodo
lfhauvqjghelyqwt.ru,Feodo
zsqkhjkqhomcmapi.ru,Feodo
hdylanfzmfngwbwxnc.ru,Feodo
askytvsskjwysujlpe.ru,Feodo
taqlftbbztqnyngq.ru,Feodo
woqbboofsbhqgqpckp.ru,Feodo
pckpmgcdlsidwsdnol.ru,Feodo
ueoyljlkjsxdsvtkyg.ru,Feodo
fzcnuyiqrrkriwexgs.ru,Feodo
kriwexgsismxsdvyfu.ru,Feodo
tfsunoaztytswxyccn.ru,Feodo
sismxsdvyfuaopltfx.ru,Feodo
vhaygrpumrlmymcwkh.ru,Feodo
ugnwoqbboofsbhqgqp.ru,Feodo
mcmapiuigjtnafzcnu.ru,Feodo
usepaxvulfdtnwiwwk.ru,Feodo
vzhpiaswhqlswkji.ru,Feodo
hqgqpckpmgcdlsid.ru,Feodo
bboofsbhqgqpckpmgc.ru,Feodo
oofsbhqgqpckpmgc.ru,Feodo
jkbfpftrtdcrfqtdln.ru,Feodo
xsdvyfuaopltfxjz.ru,Feodo
ismxsdvyfuaopltfxj.ru,Feodo
nuyiqrrkriwexgsism.ru,Feodo
ddgrctkhjkqhomcmap.ru,Feodo
rdjdykfceprrqihpcm.ru,Feodo
xinjevgcdfddgrct.ru,Feodo
jtnafzcnuyiqrrkriw.ru,Feodo
ckpmgcdlsidwsdnolw.ru,Feodo
idwsdnolwzyzsqkh.ru,Feodo
zfugnwoqbboofsbhqg.ru,Feodo
dvyfuaopltfxjzsp.ru,Feodo
jlkjsxdsvtkygouiix.ru,Feodo
ufwagtlyyptrzfug.ru,Feodo
oaztytswxyccnkjufw.ru,Feodo
qrrkriwexgsismxs.ru,Feodo
jkqhomcmapiuigjt.ru,Feodo
pltfxjzsppylfhau.ru,Feodo
mapiuigjtnafzcnuyi.ru,Feodo
xkwjkbfpftrtdcrf.ru,Feodo
xvmzegestulhtvqz.ru,Feodo
sbhqgqpckpmgcdls.ru,Feodo
wagtlyyptrzfugnwoq.ru,Feodo
hjkqhomcmapiuigjtn.ru,Feodo
wagtlyyptrzfugnw.ru,Feodo
fhauvqjghelyqwtfsu.ru,Feodo
nolwzyzsqkhjkqhomc.ru,Feodo
gsismxsdvyfuaopl.ru,Feodo
mjlutogeawadmrya.ru,Feodo
hjpyvexsutdctjol.ru,Feodo
zyzsqkhjkqhomcmapi.ru,Feodo
kjufwagtlyyptrzfug.ru,Feodo
rzfugnwoqbboofsb.ru,Feodo
lwzyzsqkhjkqhomcma.ru,Feodo
ppylfhauvqjghelyqw.ru,Feodo
aopltfxjzsppylfh.ru,Feodo
yqwtfsunoaztytswxy.ru,Feodo
ltfxjzsppylfhauvqj.ru,Feodo
wbgguucrbkrkjftn.ru,Feodo
fsbhqgqpckpmgcdlsi.ru,Feodo
afzcnuyiqrrkriwexg.ru,Feodo
mapiuigjtnafzcnu.ru,Feodo
trzfugnwoqbboofsbh.ru,Feodo
aqntckhiedetxhdyqo.ru,Feodo
vkimjlutogeawadmry.ru,Feodo
gtkwqrzvjshxuvle.ru,Feodo
lfhauvqjghelyqwtfs.ru,Feodo
rkriwexgsismxsdv.ru,Feodo
homcmapiuigjtnafzc.ru,Feodo
ngdvmtwodjjuovsnfj.ru,Feodo
kblqegxrumlsrefvmb.ru,Feodo
xjzsppylfhauvqjg.ru,Feodo
anidgwelnidmzueoyl.ru,Feodo
unoaztytswxyccnkju.ru,Feodo
mcwkhanidgwelnidmz.ru,Feodo
jghelyqwtfsunoaz.ru,Feodo
wiwwkvjkinewgycb.ru,Feodo
fsunoaztytswxyccnk.ru,Feodo
qbboofsbhqgqpckpmg.ru,Feodo
uigjtnafzcnuyiqrrk.ru,Feodo
exgsismxsdvyfuaopl.ru,Feodo
hmvmgywkvayilcwh.ru,Feodo
tytswxyccnkjufwagt.ru,Feodo
jbznsadolgrgrlaewo.ru,Feodo
cdlsidwsdnolwzyzsq.ru,Feodo
wyzxhwpluclcqcjxkw.ru,Feodo
hngajjkuknzwdliqfj.ru,Feodo
qgqpckpmgcdlsidwsd.ru,Feodo
piuigjtnafzcnuyiqr.ru,Feodo
wsdnolwzyzsqkhjk.ru,Feodo
gjtnafzcnuyiqrrkri.ru,Feodo
dxxsllzngllvmrbwdc.ru,Feodo
bboofsbhqgqpckpm.ru,Feodo
dwsdnolwzyzsqkhjkq.ru,Feodo
yfuaopltfxjzsppylf.ru,Feodo
dvyfuaopltfxjzsppy.ru,Feodo
stegqpjuvwqvlmvj.ru,Feodo
uiixjwxqqbaowfuz.ru,Feodo
piuigjtnafzcnuyi.ru,Feodo
xyccnkjufwagtlyy.ru,Feodo
gsismxsdvyfuaopltf.ru,Feodo
gcdlsidwsdnolwzy.ru,Feodo
wexgsismxsdvyfuaop.ru,Feodo
ccnkjufwagtlyyptrz.ru,Feodo
nafzcnuyiqrrkriwex.ru,Feodo
wfyusepaxvulfdtn.ru,Feodo
oqbboofsbhqgqpck.ru,Feodo
sppylfhauvqjghel.ru,Feodo
rkriwexgsismxsdvyf.ru,Feodo
nsuiwgtrqaxwiyyfbr.ru,Feodo
uigjtnafzcnuyiqr.ru,Feodo
cnuyiqrrkriwexgs.ru,Feodo
tfxjzsppylfhauvq.ru,Feodo
mgcdlsidwsdnolwzyz.ru,Feodo
tswxyccnkjufwagt.ru,Feodo
auvqjghelyqwtfsu.ru,Feodo
ofsbhqgqpckpmgcdls.ru,Feodo
ccnkjufwagtlyypt.ru,Feodo
6fb5cd0360c4f63c.net,Gspy
9d6e23820577943e.info,Gspy
04c67462be781ace.info,Gspy
cd57ff90af85f2e5.info,Gspy
982e345697bea72a.info,Gspy
c827b9d0130b08ab.net,Gspy
e69300e3588ba1eb.net,Gspy
60d31f89ded2d2f8.info,Gspy
b551f36e0f8df3a7.info,Gspy
2740c650d8c960dd.net,Gspy
01247dc1d13789b3.net,Gspy
4566045f00d2ba24.info,Gspy
1baa6b72aca86c2c.net,Gspy
05f8f448f350e117.net,Gspy
080e7b9a1d74a936.net,Gspy
e48e087d513756ad.info,Gspy
c6e5be5ec95abad4.net,Gspy
271d22387e393594.info,Gspy
1710b710d82b5ec9.net,Gspy
3288089115fb3180.info,Gspy
a558306ac2322a25.info,Gspy
16dd982e4ce3ab8a.info,Gspy
4115e589b73ad3f2.info,Gspy
fe3c19ba5ee88856.net,Gspy
7c12916522e57343.info,Gspy
29d077263ea904d6.net,Gspy
7372224c0e471967.net,Gspy
ba5091bbb4d1fdc8.net,Gspy
7c472d7916518e74.info,Gspy
639444f7d52d0883.net,Gspy
1f473363e15518c1.info,Gspy
79107249816c9cf0.info,Gspy
04b2d4b4c9af7ffe.net,Gspy
abfb8a26a85ff915.info,Gspy
19df9d904541d2bb.info,Gspy
bb1f1fd40faabae2.net,Gspy
02dce21597c6e71f.net,Gspy
3ca772205ab47c66.net,Gspy
cc9cf6ae3922d07d.info,Gspy
3af7bc15bbfa73f0.info,Gspy
7de7a6a278033473.info,Gspy
cbc558a69bf5ac12.net,Gspy
542703c273588fbf.net,Gspy
919921c772bf23e6.net,Gspy
c5582f6d034142fc.info,Gspy
9c3b4fe3fba848a3.net,Gspy
020c2318538057a9.net,Gspy
484b072f94637588.net,Gspy
f01919d301cf11a9.info,Gspy
ece67b8b1da43733.net,Gspy
143753d82284a077.info,Gspy
04581fa0cc8075d5.info,Gspy
7f66cbe356889607.net,Gspy
41abc510f100e70f.info,Gspy
3b428f0770a69043.info,Gspy
2c3d8d33b257eb63.info,Gspy
40e80f6818f74cbc.net,Gspy
bee90d1d1868bfe3.info,Gspy
82bd28b6369902b6.net,Gspy
90b95a7450260a4d.net,Gspy
1587029cc0fcd409.info,Gspy
6bf91e17f93362bd.net,Gspy
e3a6143dc95699a4.info,Gspy
66c075fcf408476a.net,Gspy
85093d75361474eb.info,Gspy
205ea0e6fe5c3823.net,Gspy
9ec7713f08b8885a.info,Gspy
32eea8ee4e93dd56.info,Gspy
52324371263253c7.net,Gspy
0d84a90a5e716835.net,Gspy
3164168f83658393.net,Gspy
3f9bac1094d076ee.net,Gspy
19f90a2326f5f946.info,Gspy
5f6a921e3d0d663a.net,Gspy
bdf1bdbdc56ea233.info,Gspy
0a434b1f08778b5a.net,Gspy
4268767ce1202e2d.info,Gspy
b1c7c07949dfec47.net,Gspy
e246b422e3782e80.info,Gspy
857bd55c57d7978d.info,Gspy
a51af95eed153340.net,Gspy
ccad398afd2e93c2.info,Gspy
948f4d7e2376a59a.info,Gspy
320810e8b90afdcd.info,Gspy
e8ead8c2b8422457.net,Gspy
9248c26a0be23c01.net,Gspy
f1780b04bab8e4c0.info,Gspy
b98b0bbf3460d6fa.info,Gspy
7698735387bfc251.net,Gspy
fe9782375716068e.net,Gspy
e09940cd3f45547e.net,Gspy
ce6fc25017e8248b.net,Gspy
8176922a47fee61e.info,Gspy
3763b1ab11287789.net,Gspy
03c70244a9c567dd.net,Gspy
a4488411edb3012b.info,Gspy
d92daeb9489627f4.info,Gspy
3440282d2bdb5ca9.info,Gspy
1b2c35bd72c59094.info,Gspy
b17112b575c0bada.net,Gspy
